ticker
TV18BRDCST.NS
TRENT.NS
WOCKPHARMA.NS
SIEMENS.NS
BHARTIARTL.NS
AARTIIND.NS
TATACHEM.NS
VOLTAS.NS
PEL.NS
JUNIORBEES.NS
DABUR.NS
TATAMTRDVR.NS
BANKINDIA.NS
LICHSGFIN.NS
ZEEL.NS
TATAMOTORS.NS
JSWENERGY.NS
MCX.NS
KPRMILL.NS
PRAJIND.NS
NIITLTD.NS
NOCIL.NS
LUPIN.NS
ASHOKLEY.NS
VIPIND.NS
IRB.NS
HCC.NS
NHPC.NS
